12060
12062
12064
12065
12066
12067
12068
12069
12070
12071
12072
12073
12074
12075
12076
12077
12078
12079
12080
12081
12082
12083
12084
12085
12086
12087
12088
12089
12090
12130
12131
12132
12134
12135
31704
31705
31708
31915
33757
33758
35293
35294
35295
36404
39054
39767
40278
40280
41846
42769
42770
42771
42772
42773
42774
42775
42776
42778
42779
42780
42781
42782
42783
42784
42785
42786
42787
42788
42789
44128
44129
44130
44131
44132
44133
44134
44135
44136
44137
45101
45999
46018
46633
47501
47502
47503
47504
47505
47506
47507
47508
47509
47510
47511
47512
47513
47514
47515
47516
47517
47681
53259
64141
69153
69159
74561
82639
86107
86108
90010
90011
103902
103903
103904
103905
103906
103907
103908
103909
103910
103913
103914
103915
103922
106607
106608
106966
106968
110927
110928
111551
118043
118044
118045
118046
118047
119524
120087
123738
129215
135733
135788
135790
135855
138694
138948
138949
138950
138951
145389
147672
147673
147674
147675
147676
147677
147678
147679
147680
147681
147683
147684
147685
147711
147712
147714
147720
147721
147722
147723
147724
147725
147726
147727
150715
150716
150717
150718
150719
150720
150846
150904
152632
152633
152634
152635
155429
155430
155431
156647
167321
167322
167323
167324
167325
167326
167327
167328
167329
167330
167331
169066
171720
172022
172028
172038
176283
176284
184753
184754
185889
185890
185891
185892
185893
185894
185895
185896
185897
185898
185899
185900
185901
185902
185903
185904
185905
185906
185907
185908
185909
185910
185911
185912
185913
185914
185915
185916
185917
185918
185919
185920
185921
185922
185923
185924
185925
185926
185927
185928
185929
185930
185931
185932
185933
185934
185935
185936
185937
185938
185939
185940
185941
185942
185943
185944
185945
185946
200154
201466
220228
220409
220410
220411
222887
222888
222889
230161
231417
231473
231474
232123
232124
232125
232126
232127
232128
232129
232130
232131
232132
232133
232134
232135
232136
232137
232138
232139
232140
232141
232142
232143
232144
232145
232146
235406
263531
263532
267429
268972
269638
270338
282345
287018
297248
306586
306587
306588
310755
310756
310907
317879
317880
318563
318564
318565
318566
318567
318568
318569
318570
318571
318573
321844
322073
325445
325446
325447
329688
329689
329690
332476
332477
332478
332479
348531
363191
363231
372784
372785
379525
407965
407966
407967
407968
407969
407970
407971
407972
408681
412463
433730
433731
433732
435275
442851
442852
442853
442854
442855
442856
442857
442859
442860
463676
469959
481492
481493
481494
481495
481496
481497
481498
481499
481500
481501
481502
481503
481504
481505
481506
481507
481508
481509
481510
481511
481512
481513
481514
481515
481516
481517
492576
500025
500026
500027
500028
500029
500030
500031
500032
500033
500034
500035
500036
500037
500038
500039
500040
500041
500042
500043
500044
500045
500046
500047
500048
500049
500050
500051
500052
500053
500054
500055
500056
503449
503450
503451
503452
503453
503454
503455
503456
503457
532080
532081
532082
532083
532084
532085
532086
532087
532088
532089
532090
532091
532092
532093
532094
532095
532096
532097
532098
532099
532100
532101
532102
537508
537509
537510
537511
537512
537513
537514
537515
537516
537517
537518
537519
537520
537521
537522
537523
537524
537525
537526
537527
537528
537529
537530
537531
537532
537533
537534
537535
537536
537537
537538
537539
537540
537541
537542
537543
537544
537545
537546
537547
537548
537549
537550
537551
537552
537553
537554
537555
537556
537557
537558
537559
537560
537561
537562
537563
537564
537565
537566
537567
537568
537569
537570
537571
537572
537573
537574
537575
537576
537577
537578
537579
537580
537581
537582
537583
537584
537585
537586
537587
537588
537589
537590
537591
537592
537593
546676
546677
546678
546679
546680
546681
546682
546683
546684
546685
546686
546687
546688
546689
546690
546691
546692
546693
546694
546695
546696
546697
546698
546699
546700
546701
546702
546703
546704
546705
546706
546707
546708
546709
546710
546711
546712
546713
546714
546715
546716
546717
546718
546719
546720
546721
546722
546723
546725
546726
546727
546728
546729
568307
568308
568309
568310
568311
568312
568313
568314
568315
568316
568317
568318
568319
568320
568321
568322
568323
568324
568325
568326
568327
568328
568329
568330
568331
568332
568333
568334
568335
568336
568337
568338
568339
568340
568341
568342
568343
568344
568345
568346
568347
568348
568349
568350
568351
568352
568353
568354
568355
568356
568357
568358
568359
568360
568361
568362
568363
568364
568365
568366
568367
568368
568369
568370
568371
568372
573824
577566
582384
611726
611727
611728
611729
611730
611731
611732
611733
611734
611735
611736
611737
611738
611739
611740
611741
611742
611743
611744
611745
611746
611747
611748
611749
611750
611751
611752
611753
611754
611755
611756
611757
611758
611759
611760
611761
611762
611763
611764
630715
630716
630717
630718
630719
630720
631415
631416
631417
631418
631419
631420
631421
631422
631423
631424
631425
631426
631427
631428
631429
647366
647367
647368
647369
647370
647371
647372
647373
647374
650130
655428
662896
741955
741956
741957
741958
741959
741960
741961
741962
754527
764236
764237
764238
764239
764240
764241
764242
764243
764244
764245
764246
764247
764248
764249
764250
764251
764252
764253
764254
764255
764256
764257
764258
764259
764260
764261
764262
764263
764264
764265
764266
764267
764268
861519
862243
864558
864559
864560
864561
909390
909391
909392
909393
909394
909395
909396
909397
941281
941282
941283
941284
941285
941286
941287
941288
941289
941290
941291
941292
941293
941294
941295
941296
941297
941298
941299
941300
941301
941302
941303
941304
941305
941306
941307
941308
941309
941310
941311
941312
941313
941314
941315
941316
941317
941318
941319
941320
941321
947523
990147
991803
991902
992230
992231
1006008
1028489
1033850
1072676
1072677
1077430
1133974
1134340
1141754
1156749
1193974
1194444
1196228
1219376
1219377
1219378
1219379
1219380
1219381
1219404
1219405
1219406
1219407
1219413
1219416
1219419
1220265
1225730
1240004
1245564
1245565
1245566
1248136
1248331
1248332
1248333
1295562
1295563
1329782
1330520
1330521
1393011
1393012
1393013
1393014
1393015
1393016
1393018
1393019
1393020
1393021
1393022
1393023
1393024
1406975
1418031
1418033
1418035
1418041
1418042
1418043
1418062
1418064
1418065
1418066
1418067
1418069
1418070
1435148
1442164
1501435
1521109
1523262
1523263
1523264
1523265
1523266
1523267
1523268
1523269
1523270
1523271
1523272
1523273
1523274
1523275
1523276
1523277
1523278
1523279
1523280
1523281
1523282
1523283
1523284
1523285
1523286
1523287
1523288
1523289
1523290
1523291
1523292
1523293
1523294
1530246
1530247
1530248
1530249
1530250
1569923
1604833
1604871
1637527
1690262
1690263
1790059
1790067
1826059
1849328
1917070
1917071
1917079
1917412
1929150
2015550
2017720
2017721
2018683
2032983
2035045
2040663
2045064
2045065
2045066
2045067
2045068
2045069
2045070
2045071
2045072
2045073
2045074
2045075
2045076
2045077
2045078
2045079
2045080
2094116
2152662
2169884
2169885
2220002
2487724
2487725
2555550
2598441
2650411
2691036
2723667
2749421
2760809
2760810
2760811
2760812
2760813
2760818
2760819
2760820
2763913
2763914
2768763
2768764
2768765
2772501
2772502
2777131
2777132
2777133
2777134
2777135
2777136
2777137
2777138
2777139
2777141
2777143
2777144
2777145
2777146
2777147
2793986
2816940
2816941
2816942
2829137
2847791
2849101
2849102
2849103
2849125
2849475
2870353
2870369
2870394
2870395
2878086
2884179
2901325
2915136
2917294
2917295
2938350